43.00257652727277 -78.78729271818186
43.00257730803576 -78.78729575000006
43.002573576271196 -78.78729784745757
43.002571285714296 -78.78729911607138
43.00268268295111 -78.79208336899464
43.00257459374999 -78.78729628906241
43.0025772844037 -78.78729415596334
43.0307 -78.7845
43.0307 -78.7845
43.002573611111124 -78.78729940740735
43.00257435806652 -78.78729351042254
43.00257081632655 -78.78730081632649
43.002580080508544 -78.78729204661025
43.00257129090911 -78.78729844545451
40.7425 -73.9877
43.006733341487454 -78.78471255808226
43.006542307773536 -78.78484532333611
